base 20 4     
00 起點 0     
01 行雲莊 1 2000 500 1000 3000 5000
02 藝術學院 1 700 200 500 1000 3000
03 向晴莊 1 750 200 600 1200 3200
04 迎曦莊 1 2000 500 1000 3000 5000
05 沁月莊 1 2000 500 1000 3000 5000
06 命運 -1     
07 東湖 1 2000 500 1000 3000 5000
08 體育館 1 2000 500 1000 3000 5000
09 理工學院 1 2000 500 1000 3000 5000
10 集賢館 1 2000 500 1000 3000 5000
11 游泳池 1 2000 500 1000 3000 5000
12 學人宿舍 1 2000 500 1000 3000 5000
13 含星莊 1 2000 500 1000 3000 5000
14 銀行 2
15 環境學院 1 2000 500 1000 3000 5000
16 機會 -2     
17 花師 1 2000 500 1000 3000 5000
18 行政大樓 1 2000 500 1000 3000 5000
19 管理學院 1 2000 500 1000 3000 5000
20 原民院 1 2000 500 1000 3000 5000
21 華胡 1 2000 500 1000 3000 5000
22 人社學院 1 2000 500 1000 3000 5000
23 湖畔餐廳 1 2000 500 1000 3000 5000
24 擷雲莊 1 2000 500 1000 3000 5000
25 圖書館 1 2000 500 1000 3000 5000
26 仰山莊 1 2000 500 1000 3000 5000
27 多容館 1 2000 500 1000 3000 5000
playerstate 0      
0  0 30000
1  0 30000 
2  0 30000  
3  0 30000     
stock
0 散星 200
1 臺基店 100 
2 紅海 200 
3 人寶 300
4 連法科 250 
5 廣答香肉鬆 200 
6 螃蟹半導體 100 
7 每光 150 
item
0 0 1 0 1 1 1 1 1 1 1 
1 0 1 0 1 1 1 1 1 1 1 
2 0 1 0 1 1 1 1 1 1 1 
3 0 1 0 1 1 1 1 1 1 1 