base 0 4     
00 start 0     
01 A_position 1 2000 500 1000 3000 5000
02 B_position 1 700 200 500 1000 3000
03 C_position 1 750 200 600 1200 3200
04 D_position 1 2000 500 1000 3000 5000
05 E_position 1 2000 500 1000 3000 5000
06 chance -1     
07 F_position 1 2000 500 1000 3000 5000
08 G_position 1 2000 500 1000 3000 5000
10 I_position 1 2000 500 1000 3000 5000
11 J_position 1 2000 500 1000 3000 5000
12 K_position 1 2000 500 1000 3000 5000
09 H_position 1 2000 500 1000 3000 5000
13 L_position 1 2000 500 1000 3000 5000
14 M_position 1 2000 500 1000 3000 5000
15 N_position 1 2000 500 1000 3000 5000
16 fate -2     
17 O_position 1 2000 500 1000 3000 5000
18 P_position 1 2000 500 1000 3000 5000
25 W_position 1 2000 500 1000 3000 5000
21 S_position 1 2000 500 1000 3000 5000
22 T_position 1 2000 500 1000 3000 5000
23 U_position 1 2000 500 1000 3000 5000
26 X_position 1 2000 500 1000 3000 5000
27 Y_position 1 2000 500 1000 3000 5000
19 Q_position 1 2000 500 1000 3000 5000
20 R_position 1 2000 500 1000 3000 5000
24 V_position 1 2000 500 1000 3000 5000
28 Z_position 1 2000 500 1000 3000 5000
29 A_position 1 2000 500 1000 3000 5000
30 B_position 1 2000 500 1000 3000 5000
31 C_position 1 2000 500 1000 3000 5000
playerstate 0
0 0 3000 d 500 
2 0 3000 18 1 d 100
1 0 3000 s 1000 27 3
3 0 3000 21 2
stock
0 散星 200 0 3 1 2 
1 臺基店 100 
2 紅海 200 
3 人寶 300 3 1 
4 連法科 250 2 3 
5 廣答香肉鬆 200 
6 螃蟹半導體 100 
7 每光 150 
item
0 0 1 0 1 1 1 1 1 1 1 
1 0 1 0 1 1 1 1 1 1 1 
2 0 1 0 1 1 1 1 1 1 1 
3 0 1 0 1 1 1 1 1 1 1 