base 0 4     
00 起點 0     
01 行雲莊 1 750 6000 9000 9400 9800 1
02 藝術學院 1 1750 6000 13500 13900 14700
03 向晴莊 1 1250 6000 9000 9600 10400
04 迎曦莊 1 750 6000 9000 9400 9800
05 沁月莊 1 750 6000 9000 9400 9800
06 命運 -1     
07 東湖 1 2500 18000 28500 28900 29500 1
08 體育館 1 1500 12000 15000 15600 16600
09 理工學院 1 2000 18000 21000 21600 22400
10 集賢館 1 1500 6000 12000 12600 13600
11 游泳池 1 1000 6000 10500 10900 11300
12 學人宿舍 1 750 6000 9000 9400 9800
13 含星莊 1 1500 15000 19500 19900 20700
14 銀行 2
15 環境學院 1 750 6000 9000 9400 9800
16 機會 -2     1
17 花師 1 750 6000 9000 9400 9800
18 行政大樓 1 1000 6000 10500 10900 11500
19 管理學院 1 2000 15000 24000 25000 26400
20 原民院 1 2000 18000 25500 25900 27100
21 華胡 1 1250 12000 15000 15800 16600
22 人社學院 1 2500 24000 27000 28800 30200 1
23 湖畔餐廳 1 750 6000 9000 9400 9800
24 擷雲莊 1 1000 6000 9000 9600 10000
25 圖書館 1 1750 12000 18000 19000 19400
26 仰山莊 1 2250 24000 30000 31000 32200
27 多容館 1 2500 21000 31500 32500 33300
playerstate 0      
0  0 3000 500 0 1 3 1 4 2 22 3
1  0 3000 0 1000 8 1 14 1 27 2 18 3
2  0 3000     
3  0 3000  
ownEstate
0 0 1 3 1 4 2 22 3
1 8 1 14 1 27 2 18 3
2     
3 
stock
0  散星 200 0 3 1 2
1  臺基店 100     
2  紅海 200     
3  人寶 300 3 1
4  連法科 250 2 3
5  廣答香肉鬆 200     
6  螃蟹半導體 100
7  每光 150
item
0 0 2 1 3
1 0 2 1 3
2 0 2 1 3
3 0 2 1 3