base 20 4     
00 起點 0     
01 行雲莊 1 1750 1000 1400 2400 2800
02 藝術學院 1 750 400 800 1200 1600
03 向晴莊 1 1750 600 1000 1400 2400
04 迎曦莊 1 2250 1600 2800 3600 4600
05 沁月莊 1 1250 600 1400 1800 2200
06 命運 -1     
07 東湖 1 750 400 800 1200 1600
08 體育館 1 750 400 800 1200 1600
09 理工學院 1 750 400 800 1200 1600
10 集賢館 1 1750 1000 2200 2600 3200
11 游泳池 1 2500 600 2000 3000 4600
12 學人宿舍 1 750 400 800 1200 1600
13 含星莊 1 1000 400 800 1200 1800
14 環頸雉 1 2000 1200 2400 3200 4400
15 環境學院 1 1500 600 1200 2200 3200
16 機會 -2     
17 花師 1 2000 1200 2400 3000 4000
18 行政大樓 1 1500 400 1400 2000 3000
19 管理學院 1 750 400 800 1200 1600
20 原民院 1 2250 600 1600 2400 3000
21 華胡 1 2500 600 1800 2600 3400
22 人社學院 1 2000 1000 2400 3400 4600
playerstate 0
0 0 3000 d 500
1 0 3000 s 1000
2 0 3000 4 3 d 300
3 0 3000
stock
0 散星 200 0 3 1 2 
1 臺基店 100 
2 紅海 200 
3 人寶 300 3 1 
4 連法科 250 2 3 
5 廣答香肉鬆 200 
6 螃蟹半導體 100 
7 每光 150 
item
0 0 1 0 1 1 1 1 1 1 1 
1 0 1 0 1 1 1 1 1 1 1 
2 0 1 0 1 1 1 1 1 1 1 
3 0 1 0 1 1 1 1 1 1 1 
