base 19 4
0 起點 0 
1 行雲莊 1 2000 500 1000 3000 5000 
2 藝術學院 1 700 200 500 1000 3000 
3 向晴莊 1 750 200 600 1200 3200 
4 迎曦莊 1 2000 500 1000 3000 5000 
5 沁月莊 1 2000 500 1000 3000 5000 
6 命運 -1 
7 東湖 1 2000 500 1000 3000 5000 
8 體育館 1 2000 500 1000 3000 5000 
9 理工學院 1 2000 500 1000 3000 5000 
10 集賢館 1 2000 500 1000 3000 5000 
11 游泳池 1 2000 500 1000 3000 5000 
12 學人宿舍 1 2000 500 1000 3000 5000 
13 含星莊 1 2000 500 1000 3000 5000 
14 環頸雉 1 2000 500 1000 3000 5000 
15 環境學院 1 2000 500 1000 3000 5000 
16 機會 -2 
17 花師 1 2000 500 1000 3000 5000 
18 行政大樓 1 2000 500 1000 3000 5000 
19 管理學院 1 2000 500 1000 3000 5000 
20 原民院 1 2000 500 1000 3000 5000 
21 華胡 1 2000 500 1000 3000 5000 
22 人社學院 1 2000 500 1000 3000 5000 
23 湖畔餐廳 1 2000 500 1000 3000 5000 
24 擷雲莊 1 2000 500 1000 3000 5000 
25 圖書館 1 2000 500 1000 3000 5000 
26 仰山莊 1 2000 500 1000 3000 5000 
27 多容館 1 2000 500 1000 3000 5000 
playerstate 0
0 5 28500 d 0 s 0 5 0 
1 7 28000 d 0 s 0 7 0 
2 6 30500 d 0 s 0 
3 5 29500 d 0 s 0 
stock
0 散星 186 
1 臺基店 96 
2 紅海 220 
3 人寶 282 
4 連法科 242 
5 廣答香肉鬆 218 
6 螃蟹半導體 92 
7 每光 142 
item
0 0 1 0 1 1 1 1 1 1 1 
1 0 1 0 1 1 1 1 1 1 1 
2 0 1 0 1 1 1 1 1 1 1 
3 0 1 0 1 1 1 1 1 1 1 
